  LAT(N)   LON(E)   DEPTH   STEP  DOSE RATE  TOTAL DOSE
 50.0720  12.5242  357.177    1  2.5977E+00  4.3295E-02
 50.0720  12.5242  357.177    2  2.5977E+00  8.6591E-02
 50.0720  12.5242  357.177    3  2.5977E+00  1.2989E-01
 50.0720  12.5242  357.177    4  2.5977E+00  1.7318E-01
 50.0720  12.5242  357.177    5  2.5977E+00  2.1648E-01
 50.0720  12.5242  357.177    6  2.5977E+00  2.5977E-01
 50.0720  12.5242  357.177    7  2.5977E+00  3.0307E-01
 50.0720  12.5242  357.177    8  2.5977E+00  3.4636E-01
 50.0720  12.5242  357.177    9  2.5977E+00  3.8966E-01
 50.0720  12.5242  357.177   10  2.5977E+00  4.3295E-01
 50.0720  12.5242  357.177   11  2.5977E+00  4.7625E-01
 50.0720  12.5242  357.177   12  2.5977E+00  5.1955E-01
 50.0720  12.5242  357.177   13  2.5977E+00  5.6284E-01
 50.0720  12.5242  357.177   14  2.5977E+00  6.0614E-01
 50.0720  12.5242  357.177   15  2.5977E+00  6.4943E-01
 50.0720  12.5242  357.177   16  2.5977E+00  6.9273E-01
 50.0720  12.5242  357.177   17  2.5977E+00  7.3602E-01
 50.0720  12.5242  357.177   18  2.5977E+00  7.7932E-01
 50.0720  12.5242  357.177   19  2.5977E+00  8.2261E-01
 50.0720  12.5242  357.177   20  2.5977E+00  8.6591E-01
 50.0720  12.5242  357.177   21  2.5977E+00  9.0920E-01
 50.0720  12.5242  357.177   22  2.5977E+00  9.5250E-01
 50.0720  12.5242  357.177   23  2.5977E+00  9.9580E-01
 50.0720  12.5242  357.177   24  2.5977E+00  1.0391E+00
 50.0720  12.5242  357.177   25  2.5977E+00  1.0824E+00
 50.0720  12.5242  357.177   26  2.5977E+00  1.1257E+00
 50.0720  12.5242  357.177   27  2.5977E+00  1.1690E+00
 50.0720  12.5242  357.177   28  2.5977E+00  1.2123E+00
 50.0720  12.5242  357.177   29  2.5977E+00  1.2556E+00
 50.0720  12.5242  357.177   30  2.5977E+00  1.2989E+00
 50.0720  12.5242  357.177   31  2.5977E+00  1.3422E+00
 50.0720  12.5242  357.177   32  2.5977E+00  1.3855E+00
 50.0720  12.5242  357.177   33  2.5977E+00  1.4287E+00
 50.0720  12.5242  357.177   34  2.5977E+00  1.4720E+00
 50.0720  12.5242  357.177   35  2.5977E+00  1.5153E+00
 50.0720  12.5242  357.177   36  2.5977E+00  1.5586E+00
 50.0720  12.5242  357.177   37  2.5977E+00  1.6019E+00
 50.0720  12.5242  357.177   38  2.5977E+00  1.6452E+00
 50.0720  12.5242  357.177   39  2.5977E+00  1.6885E+00
 50.0720  12.5242  357.177   40  2.5977E+00  1.7318E+00
 50.0720  12.5242  357.177   41  2.5977E+00  1.7751E+00
 50.0720  12.5242  357.177   42  2.5977E+00  1.8184E+00
 50.0720  12.5242  357.177   43  2.5977E+00  1.8617E+00
 50.0720  12.5242  357.177   44  2.5977E+00  1.9050E+00
 50.0720  12.5242  357.177   45  2.5977E+00  1.9483E+00
 50.0720  12.5242  357.177   46  2.5977E+00  1.9916E+00
 50.0720  12.5242  357.177   47  2.5977E+00  2.0349E+00
 50.0720  12.5242  357.177   48  2.5977E+00  2.0782E+00
 50.0720  12.5242  357.177   49  2.5977E+00  2.1215E+00
 50.0720  12.5242  357.177   50  2.5977E+00  2.1648E+00
 50.0720  12.5242  357.177   51  2.5977E+00  2.2081E+00
 50.0720  12.5242  357.177   52  2.5977E+00  2.2514E+00
 50.0720  12.5242  357.177   53  2.5977E+00  2.2947E+00
 50.0720  12.5242  357.177   54  2.5977E+00  2.3380E+00
 50.0720  12.5242  357.177   55  2.5977E+00  2.3812E+00
 50.0720  12.5242  357.177   56  2.5977E+00  2.4245E+00
 50.0720  12.5242  357.177   57  2.5977E+00  2.4678E+00
 50.0720  12.5242  357.177   58  2.5977E+00  2.5111E+00
 50.0720  12.5242  357.177   59  2.5977E+00  2.5544E+00
 50.0720  12.5242  357.177   60  2.5977E+00  2.5977E+00
 50.0720  12.5242  357.177   61  2.5977E+00  2.6410E+00
 50.0720  12.5242  357.177   62  2.5977E+00  2.6843E+00
 50.0720  12.5242  357.177   63  2.5977E+00  2.7276E+00
 50.0720  12.5242  357.177   64  2.5977E+00  2.7709E+00
 50.0720  12.5242  357.177   65  2.5977E+00  2.8142E+00
 50.0720  12.5242  357.177   66  2.5977E+00  2.8575E+00
 50.0720  12.5242  357.177   67  2.5977E+00  2.9008E+00
 50.0720  12.5242  357.177   68  2.5977E+00  2.9441E+00
 50.0720  12.5242  357.177   69  2.5977E+00  2.9874E+00
 50.0720  12.5242  357.177   70  2.5977E+00  3.0307E+00
 50.0720  12.5242  357.177   71  2.5977E+00  3.0740E+00
 50.0720  12.5242  357.177   72  2.5977E+00  3.1173E+00
 50.0720  12.5242  357.177   73  2.5977E+00  3.1606E+00
 50.0720  12.5242  357.177   74  2.5977E+00  3.2039E+00
 50.0720  12.5242  357.177   75  2.5977E+00  3.2472E+00
 50.0720  12.5242  357.177   76  2.5977E+00  3.2905E+00
 50.0720  12.5242  357.177   77  2.5977E+00  3.3337E+00
 50.0720  12.5242  357.177   78  2.5977E+00  3.3770E+00
 50.0720  12.5242  357.177   79  2.5977E+00  3.4203E+00
 50.0720  12.5242  357.177   80  2.5977E+00  3.4636E+00
 50.0720  12.5242  357.177   81  2.5977E+00  3.5069E+00
 50.0720  12.5242  357.177   82  2.5977E+00  3.5502E+00
 50.0720  12.5242  357.177   83  2.5977E+00  3.5935E+00
 50.0720  12.5242  357.177   84  2.5977E+00  3.6368E+00
 50.0720  12.5242  357.177   85  2.5977E+00  3.6801E+00
 50.0720  12.5242  357.177   86  2.5977E+00  3.7234E+00
 50.0720  12.5242  357.177   87  2.5977E+00  3.7667E+00
 50.0720  12.5242  357.177   88  2.5977E+00  3.8100E+00
 50.0720  12.5242  357.177   89  2.5977E+00  3.8533E+00
 50.0720  12.5242  357.177   90  2.5977E+00  3.8966E+00
 50.0720  12.5242  357.177   91  2.5977E+00  3.9399E+00
 50.0720  12.5242  357.177   92  2.5977E+00  3.9832E+00
 50.0720  12.5242  357.177   93  2.5977E+00  4.0265E+00
 50.0720  12.5242  357.177   94  2.5977E+00  4.0698E+00
 50.0720  12.5242  357.177   95  2.5977E+00  4.1131E+00
 50.0477  12.4325  344.918   96  2.8194E+00  4.1601E+00
 49.9986  12.2505  320.906   97  3.3042E+00  4.2151E+00
 49.9355  12.0632  296.740   98  3.8638E+00  4.2795E+00
 49.8628  11.8851  276.763   99  4.3810E+00  4.3525E+00
 49.8284  11.8039  268.976  100  4.5957E+00  4.4291E+00
 49.7880  11.7090  261.457  101  4.8105E+00  4.5093E+00
 49.7126  11.5329  247.921  102  5.2164E+00  4.5963E+00
 49.6421  11.3694  238.466  103  5.5112E+00  4.6881E+00
 49.5707  11.2025  232.841  104  5.6834E+00  4.7828E+00
 49.5075  11.0300  230.653  105  5.7401E+00  4.8785E+00
 49.4526  10.8562  230.775  106  5.7169E+00  4.9738E+00
 49.3979  10.6854  230.806  107  5.6983E+00  5.0687E+00
 49.3436  10.5165  230.711  108  5.6845E+00  5.1635E+00
 49.2889  10.3484  230.770  109  5.6653E+00  5.2579E+00
 49.2613  10.2646  230.908  110  5.6518E+00  5.3521E+00
 49.2337  10.1807  230.759  111  5.6485E+00  5.4463E+00
 49.1717  10.0213  230.514  112  5.6380E+00  5.5402E+00
 49.0883   9.8811  230.489  113  5.6148E+00  5.6338E+00
 48.9913   9.7529  230.452  114  5.5879E+00  5.7269E+00
 48.8878   9.6164  230.163  115  5.5683E+00  5.8197E+00
 48.7655   9.4566  229.843  116  5.5439E+00  5.9121E+00
 48.6986   9.3699  229.706  117  5.5291E+00  6.0043E+00
 48.6411   9.2952  229.710  118  5.5124E+00  6.0962E+00
 48.5352   9.1580  229.471  119  5.4899E+00  6.1877E+00
 48.4235   9.0153  228.776  120  5.4801E+00  6.2790E+00
 48.3101   8.8672  228.556  121  5.4543E+00  6.3699E+00
 48.2600   8.7993  228.788  122  5.4320E+00  6.4604E+00
 48.2125   8.7330  228.587  123  5.4250E+00  6.5508E+00
 48.1189   8.6028  228.313  124  5.4071E+00  6.6410E+00
 48.0254   8.4734  228.389  125  5.3807E+00  6.7306E+00
 47.9312   8.3437  228.743  126  5.3460E+00  6.8197E+00
 47.8376   8.2157  228.705  127  5.3246E+00  6.9085E+00
 47.7442   8.0885  228.256  128  5.3166E+00  6.9971E+00
 47.6509   7.9620  227.928  129  5.3043E+00  7.0855E+00
 47.5574   7.8359  227.772  130  5.2861E+00  7.1736E+00
 47.4635   7.7123  227.761  131  5.2628E+00  7.2613E+00
 47.3613   7.6017  227.557  132  5.2436E+00  7.3487E+00
 47.2521   7.5026  227.394  133  5.2214E+00  7.4357E+00
 47.1434   7.4045  227.185  134  5.2005E+00  7.5224E+00
 47.0888   7.3552  226.913  135  5.1951E+00  7.6090E+00
 47.0097   7.2847  227.071  136  5.1699E+00  7.6952E+00
 46.8765   7.1663  227.239  137  5.1323E+00  7.7807E+00
 46.7685   7.0706  226.885  138  5.1170E+00  7.8660E+00
 46.6606   6.9754  226.397  139  5.1056E+00  7.9511E+00
 46.5526   6.8807  226.371  140  5.0801E+00  8.0357E+00
 46.4439   6.7857  226.025  141  5.0647E+00  8.1202E+00
 46.3328   6.6891  225.650  142  5.0519E+00  8.2043E+00
 46.2763   6.6403  225.716  143  5.0375E+00  8.2883E+00
 46.2208   6.5924  225.439  144  5.0337E+00  8.3722E+00
 46.1026   6.5000  225.396  145  5.0091E+00  8.4557E+00
 45.9776   6.4234  225.458  146  4.9796E+00  8.5387E+00
 45.8518   6.3587  225.181  147  4.9590E+00  8.6213E+00
 45.7257   6.2943  225.070  148  4.9339E+00  8.7036E+00
 45.6002   6.2304  224.780  149  4.9139E+00  8.7855E+00
 45.4749   6.1666  224.414  150  4.8959E+00  8.8671E+00
 45.3506   6.1037  224.153  151  4.8749E+00  8.9483E+00
 45.2275   6.0419  223.985  152  4.8512E+00  9.0292E+00
 45.1059   5.9793  223.886  153  4.8260E+00  9.1096E+00
 44.9870   5.9163  223.809  154  4.8012E+00  9.1896E+00
 44.8709   5.8544  223.597  155  4.7799E+00  9.2693E+00
 44.8133   5.8236  223.354  156  4.7731E+00  9.3488E+00
 44.7554   5.7928  223.425  157  4.7575E+00  9.4281E+00
 44.6398   5.7317  223.235  158  4.7358E+00  9.5071E+00
 44.5248   5.6713  222.942  159  4.7196E+00  9.5857E+00
 44.4110   5.6118  223.030  160  4.6930E+00  9.6639E+00
 44.2979   5.5529  222.803  161  4.6752E+00  9.7419E+00
 44.1854   5.4946  222.139  162  4.6704E+00  9.8197E+00
 44.0723   5.4362  221.642  163  4.6607E+00  9.8974E+00
 43.9584   5.3776  221.263  164  4.6463E+00  9.9748E+00
 43.8443   5.3191  221.431  165  4.6150E+00  1.0052E+01
 43.7296   5.2606  221.570  166  4.5845E+00  1.0128E+01
 43.6146   5.2022  221.017  167  4.5722E+00  1.0204E+01
 43.5016   5.1360  220.655  168  4.5553E+00  1.0280E+01
 43.3999   5.0477  220.448  169  4.5370E+00  1.0356E+01
 43.3081   4.9457  220.469  170  4.5154E+00  1.0431E+01
 43.2150   4.8427  220.581  171  4.4914E+00  1.0506E+01
 43.1675   4.7902  220.501  172  4.4825E+00  1.0581E+01
 43.0739   4.6873  220.124  173  4.4707E+00  1.0655E+01
 42.9802   4.5847  219.748  174  4.4579E+00  1.0730E+01
 42.9314   4.5314  219.777  175  4.4442E+00  1.0804E+01
 42.8344   4.4258  219.366  176  4.4293E+00  1.0877E+01
 42.7374   4.3206  218.791  177  4.4207E+00  1.0951E+01
 42.6398   4.2153  218.763  178  4.3989E+00  1.1024E+01
 42.5420   4.1103  218.808  179  4.3753E+00  1.1097E+01
 42.4447   4.0040  218.610  180  4.3577E+00  1.1170E+01
 42.3500   3.8706  218.422  181  4.3399E+00  1.1242E+01
 42.2575   3.7116  218.314  182  4.3206E+00  1.1314E+01
 42.2112   3.6323  218.260  183  4.3109E+00  1.1386E+01
 42.1682   3.5580  218.112  184  4.3043E+00  1.1458E+01
 42.0821   3.4096  217.816  185  4.2909E+00  1.1529E+01
 41.9958   3.2616  217.520  186  4.2772E+00  1.1601E+01
 41.9526   3.1878  217.372  187  4.2687E+00  1.1672E+01
 41.9143   3.1229  217.064  188  4.2653E+00  1.1743E+01
 41.8393   2.9960  216.877  189  4.2490E+00  1.1814E+01
 41.7658   2.8718  217.153  190  4.2241E+00  1.1884E+01
 41.6933   2.7500  217.245  191  4.2036E+00  1.1954E+01
 41.6218   2.6311  217.121  192  4.1882E+00  1.2024E+01
 41.5501   2.5125  216.997  193  4.1727E+00  1.2094E+01
 41.4783   2.3941  216.873  194  4.1570E+00  1.2163E+01
 41.4064   2.2759  216.749  195  4.1412E+00  1.2232E+01
 41.3343   2.1581  216.625  196  4.1252E+00  1.2301E+01
 41.2622   2.0405  216.501  197  4.1091E+00  1.2369E+01
 41.1899   1.9231  216.377  198  4.0947E+00  1.2437E+01
 41.1175   1.8060  216.253  199  4.0819E+00  1.2505E+01
 41.0450   1.6892  216.130  200  4.0691E+00  1.2573E+01
 40.9723   1.5726  216.006  201  4.0557E+00  1.2641E+01
 40.8996   1.4563  215.882  202  4.0411E+00  1.2708E+01
 40.8267   1.3402  215.758  203  4.0265E+00  1.2775E+01
 40.7537   1.2244  215.635  204  4.0118E+00  1.2842E+01
 40.6806   1.1088  215.511  205  3.9970E+00  1.2909E+01
 40.6074   0.9935  215.388  206  3.9821E+00  1.2975E+01
 40.5340   0.8785  215.264  207  3.9656E+00  1.3041E+01
 40.4606   0.7637  215.141  208  3.9491E+00  1.3107E+01
 40.3870   0.6491  215.018  209  3.9325E+00  1.3173E+01
 40.3133   0.5348  214.895  210  3.9158E+00  1.3238E+01
 40.2395   0.4207  214.772  211  3.8990E+00  1.3303E+01
 40.1656   0.3069  214.649  212  3.8822E+00  1.3367E+01
 40.0916   0.1934  214.526  213  3.8654E+00  1.3432E+01
 40.0174   0.0800  214.403  214  3.8485E+00  1.3496E+01
 39.9432 359.9670  214.281  215  3.8307E+00  1.3560E+01
 39.8688 359.8541  214.159  216  3.8125E+00  1.3623E+01
 39.7943 359.7416  214.037  217  3.7951E+00  1.3687E+01
 39.7198 359.6292  213.915  218  3.7777E+00  1.3750E+01
 39.6451 359.5171  213.793  219  3.7606E+00  1.3812E+01
 39.5703 359.4053  213.671  220  3.7457E+00  1.3875E+01
 39.4954 359.2936  213.549  221  3.7306E+00  1.3937E+01
 39.4203 359.1823  213.428  222  3.7154E+00  1.3999E+01
 39.3452 359.0711  213.306  223  3.7002E+00  1.4061E+01
 39.2700 358.9602  213.185  224  3.6850E+00  1.4122E+01
 39.1946 358.8495  213.064  225  3.6703E+00  1.4183E+01
 39.1192 358.7391  212.942  226  3.6555E+00  1.4244E+01
 39.0437 358.6289  212.821  227  3.6406E+00  1.4305E+01
 38.9680 358.5190  212.700  228  3.6263E+00  1.4365E+01
 38.8922 358.4092  212.579  229  3.6128E+00  1.4425E+01
 38.8164 358.2997  212.459  230  3.5992E+00  1.4485E+01
 38.7404 358.1905  212.338  231  3.5856E+00  1.4545E+01
 38.6643 358.0814  212.217  232  3.5720E+00  1.4605E+01
 38.5882 357.9726  212.096  233  3.5584E+00  1.4664E+01
 38.5119 357.8641  211.976  234  3.5451E+00  1.4723E+01
 38.4355 357.7557  211.855  235  3.5315E+00  1.4782E+01
 38.3591 357.6476  211.735  236  3.5179E+00  1.4841E+01
 38.3208 357.5937  211.674  237  3.5112E+00  1.4899E+01
 38.2760 357.5333  211.432  238  3.5067E+00  1.4957E+01
 38.1863 357.4130  211.156  239  3.4936E+00  1.5016E+01
 38.0941 357.2902  211.315  240  3.4721E+00  1.5074E+01
 38.0006 357.1658  221.062  241  3.2819E+00  1.5128E+01
 37.9085 357.0437  244.868  242  2.8717E+00  1.5176E+01
 37.8626 356.9830  259.332  243  2.6419E+00  1.5220E+01
 37.8184 356.9249  274.342  244  2.4179E+00  1.5260E+01
 37.7295 356.8082  306.561  245  1.9872E+00  1.5294E+01
 37.6859 356.7466  323.857  246  1.7844E+00  1.5323E+01
 37.6878 356.7405  323.898  247  1.7841E+00  1.5353E+01
 37.6897 356.7344  323.939  248  1.7838E+00  1.5383E+01
 37.6916 356.7282  323.980  249  1.7835E+00  1.5413E+01
 37.6936 356.7221  324.022  250  1.7832E+00  1.5442E+01
 37.6955 356.7160  324.063  251  1.7829E+00  1.5472E+01
 37.6974 356.7099  324.104  252  1.7826E+00  1.5502E+01
 37.6993 356.7038  324.145  253  1.7823E+00  1.5531E+01
 37.7012 356.6976  324.186  254  1.7820E+00  1.5561E+01
 37.7032 356.6915  324.227  255  1.7817E+00  1.5591E+01
 37.7051 356.6854  324.268  256  1.7814E+00  1.5620E+01
 37.7070 356.6793  324.309  257  1.7811E+00  1.5650E+01
 37.7089 356.6732  324.350  258  1.7808E+00  1.5680E+01
 37.7108 356.6670  324.391  259  1.7806E+00  1.5709E+01
 37.7128 356.6609  324.433  260  1.7803E+00  1.5739E+01
 37.7147 356.6548  324.474  261  1.7800E+00  1.5769E+01
 37.7166 356.6487  324.515  262  1.7797E+00  1.5798E+01
 37.7185 356.6425  324.556  263  1.7794E+00  1.5828E+01
 37.7204 356.6364  324.597  264  1.7791E+00  1.5858E+01
 37.7224 356.6303  324.638  265  1.7788E+00  1.5887E+01
 37.7243 356.6242  324.679  266  1.7785E+00  1.5917E+01
 37.7262 356.6181  324.720  267  1.7782E+00  1.5947E+01
 37.7281 356.6119  324.761  268  1.7779E+00  1.5976E+01
 37.7300 356.6058  324.802  269  1.7776E+00  1.6006E+01
 37.7319 356.5997  324.843  270  1.7773E+00  1.6036E+01
 37.7339 356.5936  324.885  271  1.7770E+00  1.6065E+01
 37.7358 356.5874  324.926  272  1.7767E+00  1.6095E+01
 37.7377 356.5813  324.967  273  1.7764E+00  1.6124E+01
 37.7396 356.5752  325.008  274  1.7761E+00  1.6154E+01
 37.7415 356.5690  325.049  275  1.7758E+00  1.6184E+01
 37.7434 356.5629  325.090  276  1.7756E+00  1.6213E+01
 37.7453 356.5568  325.131  277  1.7753E+00  1.6243E+01
 37.7473 356.5507  325.172  278  1.7750E+00  1.6272E+01
 37.7492 356.5445  325.214  279  1.7747E+00  1.6302E+01
 37.7511 356.5384  325.255  280  1.7744E+00  1.6332E+01
 37.7530 356.5323  325.296  281  1.7741E+00  1.6361E+01
 37.7549 356.5262  325.337  282  1.7738E+00  1.6391E+01
 37.7568 356.5200  325.378  283  1.7735E+00  1.6420E+01
 37.7587 356.5139  325.419  284  1.7732E+00  1.6450E+01
 37.7606 356.5078  325.461  285  1.7729E+00  1.6479E+01
 37.7626 356.5016  325.502  286  1.7726E+00  1.6509E+01
 37.7645 356.4955  325.543  287  1.7723E+00  1.6538E+01
 37.7664 356.4894  325.584  288  1.7720E+00  1.6568E+01
 37.7683 356.4832  325.626  289  1.7717E+00  1.6597E+01
 37.7702 356.4771  325.667  290  1.7714E+00  1.6627E+01
 37.7721 356.4710  325.708  291  1.7711E+00  1.6657E+01
 37.7740 356.4649  325.750  292  1.7708E+00  1.6686E+01
 37.7759 356.4587  325.791  293  1.7705E+00  1.6716E+01
 37.7778 356.4526  325.832  294  1.7702E+00  1.6745E+01
 37.7797 356.4465  325.874  295  1.7699E+00  1.6775E+01
 37.7816 356.4403  325.915  296  1.7696E+00  1.6804E+01
 37.7836 356.4342  325.956  297  1.7694E+00  1.6834E+01
 37.7855 356.4281  325.998  298  1.7691E+00  1.6863E+01
 37.7874 356.4219  326.039  299  1.7688E+00  1.6893E+01
 37.7893 356.4158  326.080  300  1.7685E+00  1.6922E+01
 37.7912 356.4097  326.122  301  1.7682E+00  1.6951E+01
 37.7931 356.4035  326.163  302  1.7679E+00  1.6981E+01
 37.7950 356.3974  326.205  303  1.7676E+00  1.7010E+01
 37.7969 356.3912  326.246  304  1.7673E+00  1.7040E+01
 37.7988 356.3851  326.287  305  1.7670E+00  1.7069E+01
 37.8007 356.3790  326.329  306  1.7667E+00  1.7099E+01
 37.8026 356.3728  326.370  307  1.7664E+00  1.7128E+01
 37.8045 356.3667  326.412  308  1.7661E+00  1.7158E+01
 37.8064 356.3606  326.453  309  1.7658E+00  1.7187E+01
 37.8083 356.3544  326.495  310  1.7655E+00  1.7216E+01
 37.8102 356.3483  326.536  311  1.7652E+00  1.7246E+01
 37.8121 356.3422  326.578  312  1.7649E+00  1.7275E+01
 37.8140 356.3360  326.619  313  1.7646E+00  1.7305E+01
 37.8159 356.3299  326.661  314  1.7643E+00  1.7334E+01
 37.8178 356.3237  326.702  315  1.7640E+00  1.7364E+01
 37.8197 356.3176  326.744  316  1.7637E+00  1.7393E+01
 37.8216 356.3115  326.785  317  1.7634E+00  1.7422E+01
 37.8235 356.3053  326.827  318  1.7631E+00  1.7452E+01
 37.8254 356.2992  326.869  319  1.7628E+00  1.7481E+01
 37.8273 356.2930  326.910  320  1.7625E+00  1.7510E+01
 37.8292 356.2869  326.952  321  1.7622E+00  1.7540E+01
 37.8311 356.2808  326.993  322  1.7619E+00  1.7569E+01
 37.8330 356.2746  327.035  323  1.7616E+00  1.7599E+01
 37.8349 356.2685  327.077  324  1.7613E+00  1.7628E+01
 37.8368 356.2623  327.118  325  1.7610E+00  1.7657E+01
 37.8387 356.2562  327.160  326  1.7607E+00  1.7687E+01
 37.8406 356.2500  327.201  327  1.7604E+00  1.7716E+01
 37.8425 356.2439  327.243  328  1.7601E+00  1.7745E+01
 37.8444 356.2378  327.285  329  1.7598E+00  1.7775E+01
 37.8463 356.2316  327.326  330  1.7595E+00  1.7804E+01
 37.8482 356.2255  327.368  331  1.7592E+00  1.7833E+01
 37.8501 356.2193  327.410  332  1.7589E+00  1.7863E+01
 37.8520 356.2132  327.451  333  1.7586E+00  1.7892E+01
 37.8539 356.2070  327.493  334  1.7583E+00  1.7921E+01
 37.8558 356.2009  327.535  335  1.7580E+00  1.7950E+01
 37.8577 356.1947  327.577  336  1.7577E+00  1.7980E+01
 37.8596 356.1886  327.618  337  1.7574E+00  1.8009E+01
 37.8615 356.1825  327.660  338  1.7571E+00  1.8038E+01
 37.8634 356.1763  327.702  339  1.7568E+00  1.8068E+01
 37.8653 356.1702  327.743  340  1.7565E+00  1.8097E+01
 37.8672 356.1640  327.785  341  1.7562E+00  1.8126E+01
 37.8691 356.1579  327.827  342  1.7559E+00  1.8155E+01
 37.8709 356.1517  327.869  343  1.7556E+00  1.8185E+01
 37.8728 356.1456  327.910  344  1.7553E+00  1.8214E+01
 37.8747 356.1394  327.952  345  1.7550E+00  1.8243E+01
 37.8766 356.1333  327.994  346  1.7547E+00  1.8272E+01
 37.8785 356.1271  328.035  347  1.7544E+00  1.8302E+01
 37.8804 356.1210  328.077  348  1.7541E+00  1.8331E+01
 37.8823 356.1148  328.119  349  1.7538E+00  1.8360E+01
 37.8842 356.1087  328.161  350  1.7535E+00  1.8389E+01
 37.8861 356.1025  328.202  351  1.7532E+00  1.8419E+01
 37.8870 356.0994  328.223  352  1.7531E+00  1.8448E+01
 37.9522 356.1385  312.901  353  1.9322E+00  1.8480E+01
 38.0814 356.2163  286.265  354  2.2860E+00  1.8518E+01
 38.2089 356.2933  264.554  355  2.6158E+00  1.8562E+01
 39.1308 356.8964  202.328  363  3.8805E+00  1.9297E+01
 39.1988 356.9470  202.371  364  3.8961E+00  1.9362E+01
 39.2601 356.9929  202.366  365  3.9110E+00  1.9427E+01
 39.6352 357.2749  202.982  368  3.9893E+00  1.9607E+01
 39.7579 357.3679  203.103  369  4.0206E+00  1.9674E+01
 39.8822 357.4626  203.241  370  4.0531E+00  1.9742E+01
 40.0122 357.5622  203.305  371  4.0893E+00  1.9810E+01
 40.0808 357.6149  203.337  372  4.1076E+00  1.9879E+01
 40.1394 357.6600  203.449  373  4.1214E+00  1.9947E+01
 40.2566 357.7504  203.672  374  4.1488E+00  2.0016E+01
 40.3737 357.8410  203.896  375  4.1762E+00  2.0086E+01
 40.4907 357.9320  204.120  376  4.2034E+00  2.0156E+01
 40.6077 358.0233  204.344  377  4.2306E+00  2.0227E+01
 40.7246 358.1150  204.569  378  4.2582E+00  2.0298E+01
 40.8414 358.2069  204.794  379  4.2854E+00  2.0369E+01
 40.9581 358.2992  205.019  380  4.3125E+00  2.0441E+01
 41.0748 358.3918  205.245  381  4.3368E+00  2.0513E+01
 41.1913 358.4847  205.471  382  4.3617E+00  2.0586E+01
 41.3078 358.5780  205.696  383  4.3903E+00  2.0659E+01
 41.4242 358.6715  205.923  384  4.4188E+00  2.0733E+01
 41.5406 358.7655  206.149  385  4.4472E+00  2.0807E+01
 41.6568 358.8597  206.375  386  4.4755E+00  2.0881E+01
 41.7149 358.9070  206.488  387  4.4895E+00  2.0956E+01
 41.7750 358.9561  206.542  388  4.5056E+00  2.1031E+01
 41.8941 359.0537  206.594  389  4.5394E+00  2.1107E+01
 42.0132 359.1515  206.582  390  4.5747E+00  2.1183E+01
 42.1333 359.2505  206.872  391  4.5983E+00  2.1260E+01
 42.2527 359.3495  207.303  392  4.6181E+00  2.1337E+01
 42.3722 359.4492  207.446  393  4.6451E+00  2.1414E+01
 42.4927 359.5499  207.553  394  4.6731E+00  2.1492E+01
 42.6063 359.6716  207.548  395  4.7022E+00  2.1570E+01
 42.6598 359.7429  207.447  396  4.7190E+00  2.1649E+01
 42.7058 359.8270  207.565  397  4.7282E+00  2.1728E+01
 42.7992 359.9985  207.742  398  4.7508E+00  2.1807E+01
 42.8912   0.1686  208.063  399  4.7701E+00  2.1887E+01
 42.9814   0.3366  208.407  400  4.7881E+00  2.1966E+01
 43.0723   0.5070  208.553  401  4.8078E+00  2.2047E+01
 43.1788   0.7077  208.749  402  4.8287E+00  2.2127E+01
 43.2398   0.8232  208.882  403  4.8399E+00  2.2208E+01
 43.2905   0.9198  209.061  404  4.8474E+00  2.2288E+01
 43.3982   1.1256  209.333  405  4.8646E+00  2.2370E+01
 43.5118   1.3443  209.520  406  4.8850E+00  2.2451E+01
 43.5685   1.4539  209.614  407  4.8953E+00  2.2533E+01
 43.6204   1.5545  210.145  408  4.8924E+00  2.2614E+01
 43.7296   1.7674  210.764  409  4.9001E+00  2.2696E+01
 43.8439   1.9925  210.938  410  4.9216E+00  2.2778E+01
 43.9577   2.2184  211.112  411  4.9431E+00  2.2860E+01
 44.0145   2.3317  211.199  412  4.9537E+00  2.2943E+01
 44.0635   2.4296  210.978  413  4.9702E+00  2.3026E+01
 44.1615   2.6264  211.189  414  4.9846E+00  2.3109E+01
 44.2103   2.7253  211.621  415  4.9822E+00  2.3192E+01
 44.2726   2.8516  212.081  416  4.9822E+00  2.3275E+01
 44.3790   3.0674  212.447  417  4.9945E+00  2.3358E+01
 44.4674   3.2465  212.258  418  5.0196E+00  2.3442E+01
 44.5556   3.4261  212.070  419  5.0449E+00  2.3526E+01
 44.6434   3.6062  211.882  420  5.0714E+00  2.3610E+01
 44.6872   3.6965  211.788  421  5.0855E+00  2.3695E+01
 44.7440   3.7986  211.721  422  5.1024E+00  2.3780E+01
 44.8495   3.9894  211.648  423  5.1324E+00  2.3866E+01
 44.9483   4.1694  211.858  424  5.1512E+00  2.3951E+01
 45.0472   4.3503  212.256  425  5.1635E+00  2.4037E+01
 45.1443   4.5296  212.620  426  5.1755E+00  2.4124E+01
 45.2391   4.7055  212.827  427  5.1915E+00  2.4210E+01
 45.2854   4.7917  212.852  428  5.2016E+00  2.4297E+01
 45.3384   4.8905  212.566  429  5.2228E+00  2.4384E+01
 45.4428   5.0867  212.685  430  5.2437E+00  2.4471E+01
 45.5387   5.2699  213.240  431  5.2491E+00  2.4559E+01
 45.8324   6.0385  213.916  435  5.2953E+00  2.5347E+01
 45.8747   6.1563  214.009  436  5.3029E+00  2.5435E+01
 45.9589   6.3925  214.197  437  5.3183E+00  2.5524E+01
 46.0009   6.5109  214.291  438  5.3258E+00  2.5612E+01
 46.0351   6.6081  214.198  439  5.3369E+00  2.5701E+01
 46.1033   6.8026  214.176  440  5.3539E+00  2.5791E+01
 46.1711   6.9969  214.076  441  5.3732E+00  2.5880E+01
 46.2389   7.1931  214.326  442  5.3815E+00  2.5970E+01
 46.3063   7.3902  214.787  443  5.3828E+00  2.6060E+01
 46.3730   7.5864  214.897  444  5.3951E+00  2.6149E+01
 46.4397   7.7835  214.688  445  5.4176E+00  2.6240E+01
 46.5055   7.9802  214.495  446  5.4405E+00  2.6330E+01
 46.5709   8.1775  215.009  447  5.4404E+00  2.6421E+01
 46.6368   8.3773  215.251  448  5.4489E+00  2.6512E+01
 46.6699   8.4776  215.064  449  5.4630E+00  2.6603E+01
 46.7020   8.5758  215.452  450  5.4582E+00  2.6694E+01
 46.7672   8.7762  215.633  451  5.4679E+00  2.6785E+01
 46.8328   8.9796  215.929  452  5.4737E+00  2.6876E+01
 46.8989   9.1864  216.314  453  5.4762E+00  2.6968E+01
 46.9671   9.4009  216.360  454  5.4901E+00  2.7059E+01
 47.0329   9.6098  216.550  455  5.4995E+00  2.7151E+01
 47.1020   9.8060  216.452  456  5.5203E+00  2.7243E+01
 47.1892   9.9845  216.478  457  5.5424E+00  2.7335E+01
 47.2874  10.1487  216.987  458  5.5525E+00  2.7428E+01
 47.3852  10.3127  217.183  459  5.5725E+00  2.7521E+01
 47.4340  10.3947  217.019  460  5.5912E+00  2.7614E+01
 47.4829  10.4770  217.093  461  5.6019E+00  2.7707E+01
 47.5799  10.6415  217.158  462  5.6261E+00  2.7801E+01
 47.6761  10.8053  217.396  463  5.6439E+00  2.7895E+01
 47.7784  10.9802  217.605  464  5.6639E+00  2.7989E+01
 47.8796  11.1551  217.469  465  5.6950E+00  2.8084E+01
 47.9739  11.3192  217.617  466  5.7143E+00  2.8179E+01
 48.0686  11.4845  218.038  467  5.7253E+00  2.8275E+01
 48.1632  11.6513  218.428  468  5.7378E+00  2.8371E+01
 48.2578  11.8189  218.602  469  5.7604E+00  2.8467E+01
 48.3523  11.9871  218.651  470  5.7877E+00  2.8563E+01
 48.3995  12.0715  218.741  471  5.7997E+00  2.8660E+01
 48.4463  12.1557  221.786  472  5.7078E+00  2.8755E+01
 48.5389  12.3229  236.715  473  5.2356E+00  2.8842E+01
 48.6303  12.4891  261.790  474  4.5035E+00  2.8917E+01
 48.7206  12.6542  288.710  475  3.8168E+00  2.8981E+01
 48.8076  12.8141  316.152  476  3.2122E+00  2.9034E+01
 48.8996  12.9613  339.755  477  2.7639E+00  2.9080E+01
 49.0002  13.0980  356.214  478  2.4886E+00  2.9122E+01
 49.1011  13.2318  366.117  479  2.3394E+00  2.9161E+01
 49.2010  13.3651  388.672  480  2.0174E+00  2.9194E+01
 49.2510  13.4322  408.433  481  1.7675E+00  2.9224E+01
 49.2510  13.4322  408.433  482  1.7675E+00  2.9253E+01
 49.3862  13.6143  472.362  483  1.1438E+00  2.9272E+01
 49.5211  13.7975  544.167  484  6.9169E-01  2.9284E+01
 49.5211  13.7975  544.167  485  6.9169E-01  2.9295E+01
 49.5211  13.7975  544.167  486  6.9169E-01  2.9307E+01
 49.5211  13.7975  544.167  487  6.9169E-01  2.9319E+01
 49.5211  13.7975  544.167  488  6.9169E-01  2.9330E+01
 49.5211  13.7975  544.167  489  6.9169E-01  2.9342E+01
 49.5211  13.7975  544.167  490  6.9169E-01  2.9353E+01
 49.5211  13.7975  544.167  491  6.9169E-01  2.9365E+01
 49.5211  13.7975  544.167  492  6.9169E-01  2.9376E+01
 49.5211  13.7975  544.167  493  6.9169E-01  2.9388E+01
 49.5211  13.7975  544.167  494  6.9169E-01  2.9399E+01
 49.5211  13.7975  544.167  495  6.9169E-01  2.9411E+01
 49.5211  13.7975  544.167  496  6.9169E-01  2.9422E+01
 49.5211  13.7975  544.167  497  6.9169E-01  2.9434E+01
 49.5211  13.7975  544.167  498  6.9169E-01  2.9445E+01
 49.5211  13.7975  544.167  499  6.9169E-01  2.9457E+01
 49.5211  13.7975  544.167  500  6.9169E-01  2.9468E+01
 49.5211  13.7975  544.167  501  6.9169E-01  2.9480E+01
 49.5211  13.7975  544.167  502  6.9169E-01  2.9491E+01
 49.5211  13.7975  544.167  503  6.9169E-01  2.9503E+01
 49.5211  13.7975  544.167  504  6.9169E-01  2.9514E+01
 49.5211  13.7975  544.167  505  6.9169E-01  2.9526E+01
 49.5211  13.7975  544.167  506  6.9169E-01  2.9538E+01
 49.5211  13.7975  544.167  507  6.9169E-01  2.9549E+01
 49.5211  13.7975  544.167  508  6.9169E-01  2.9561E+01
 49.5211  13.7975  544.167  509  6.9169E-01  2.9572E+01
 49.5211  13.7975  544.167  510  6.9169E-01  2.9584E+01
 49.5211  13.7975  544.167  511  6.9169E-01  2.9595E+01
 49.5211  13.7975  544.167  512  6.9169E-01  2.9607E+01
 49.5211  13.7975  544.167  513  6.9169E-01  2.9618E+01
 49.5211  13.7975  544.167  514  6.9169E-01  2.9630E+01
 49.5211  13.7975  544.167  515  6.9169E-01  2.9641E+01
 49.5211  13.7975  544.167  516  6.9169E-01  2.9653E+01
 49.5211  13.7975  544.167  517  6.9169E-01  2.9664E+01
 49.5211  13.7975  544.167  518  6.9169E-01  2.9676E+01
 49.5211  13.7975  544.167  519  6.9169E-01  2.9687E+01
 49.5211  13.7975  544.167  520  6.9169E-01  2.9699E+01
 49.5211  13.7975  544.167  521  6.9169E-01  2.9710E+01
 49.5211  13.7975  544.167  522  6.9169E-01  2.9722E+01
 49.5211  13.7975  544.167  523  6.9169E-01  2.9734E+01
 49.5211  13.7975  544.167  524  6.9169E-01  2.9745E+01
 49.5211  13.7975  544.167  525  6.9169E-01  2.9757E+01
 49.5211  13.7975  544.167  526  6.9169E-01  2.9768E+01
 49.5211  13.7975  544.167  527  6.9169E-01  2.9780E+01
 49.5211  13.7975  544.167  528  6.9169E-01  2.9791E+01
 49.5211  13.7975  544.167  529  6.9169E-01  2.9803E+01
 49.5211  13.7975  544.167  530  6.9169E-01  2.9814E+01
 49.5211  13.7975  544.167  531  6.9169E-01  2.9826E+01
 49.5211  13.7975  544.167  532  6.9169E-01  2.9837E+01
 49.5211  13.7975  544.167  533  6.9169E-01  2.9849E+01
 49.5211  13.7975  544.167  534  6.9169E-01  2.9860E+01
 49.5211  13.7975  544.167  535  6.9169E-01  2.9872E+01
 49.5211  13.7975  544.167  536  6.9169E-01  2.9883E+01
 49.5211  13.7975  544.167  537  6.9169E-01  2.9895E+01
 49.5211  13.7975  544.167  538  6.9169E-01  2.9906E+01
 49.5211  13.7975  544.167  539  6.9169E-01  2.9918E+01
 49.5211  13.7975  544.167  540  6.9169E-01  2.9930E+01
 49.5211  13.7975  544.167  541  6.9169E-01  2.9941E+01
 49.5211  13.7975  544.167  542  6.9169E-01  2.9953E+01
 49.5211  13.7975  544.167  543  6.9169E-01  2.9964E+01
 49.5211  13.7975  544.167  544  6.9169E-01  2.9976E+01
 GCR MODEL   4  TRANSPORT AND CUTOFFS: 0   SUPERPOSITION:   0
 DATE: 2019/11/00 HOUR:            0
 2.9976E+01 TOTAL          microSv, ICRP Pub. 103 EFFECTIVE DOSE 
